02 123 4567
0800 123-CATS
0800 123-CATSHI
0508SOPHIE
0508HOTDOGS
0508HAPPYDOG
0508EVILPUPPY
0800SOPHIE
0800HOTDOGS
0800EVILPUPPY
0900SOPHIE
0900HOTDOGS
0900HAPPYDOG
0900EVILPUPPY
0508 ABC-DEF
(02) 4091234
0508 4AB CDEF
0508 4AB CDE
(02) 4091234
09 2345678
09 9123456
02 4091234
021 123456
021 12345678
021 234567
022 1234567
027 1234567
025 123456
03 2345678
04 2345678
(025) 123456
(0800) 123456
(0508) 123456
0508 123--123
0508 A23 123
0508 123 123A
(0508123123
0508 123123
0508123 123
(0508) 123123
(0508 123 123
06 103 4830
02 123 4567
02-123 4576
0800 5762345
0800 123123
0800123 123
(0800) 123123
(0800 123 123
02 495 5968/[we/
0508 37583
0508 345 6873
0800 54627
0800ABCABC
0800 ABC ABC
0800 377393HIHUOJOIUJOI
0800 3673848ABH
0900 A5B387
0900 576 978
0900 377HUOJOIUJOI
0900 3673848ABH0900 464 37480900 474 583
02 47483
02 457 483
02 694 8909
03 57382
03 576 305
03 5872 0486
04 47682
04 472 485
06 103 4830
06 3726 238406 5848 49395
04 5758 487305 688 384705 473 48505 0158405 3729 362506 3839406 476 284
07 3748 8305
07 37482
08 900 4835
09 463 274
09 911 483909 999 018409 193 4849
021 46372
022 45538
022 5950 5859027 74729
027 0173 3958
027 4PIPE
0508 4PIPE
0800 4PIPE
02548478
0258585783
0214637202245538022595058590277472902701733958
02474830245748302694890903573820357630503587204860447682044724850457584873056883847054734850501584053729362506383940647628406103483006372623840658484939507374883050737482089004835
09463274
099114839099990184091934849
025 858 5783025 48478
0508 1234567
0508 123456789
0508 PIPELINE4
0508
0508 123456ABCDEF
0800 12345
0800 12345678
0800 AB1234567
0800 1234567ABC
0900
0900 123456
0900 12345ABCDE
0900 ABC1234
02 409ABCD
03 1234567
03 23456789
04 2345ABC
05 2345678
08 2345678
09 9001234
09 9111234
09 9991234
021 12345
021 123456789
021 123ABCD
022 12345678
022 12345
022 123ABCD
027 12345678
027 12345
027 123ABCD
025 1234567
025 12345
025 123ABC
UAHRBLADHBG
%&#%&*$(#**
**
02 40912345
(02) 1234567
0508 1234abc
(050)8123456
()0508 123456
)0508() 123456
0(508) 123456
((0508)) 123456
(02) 1234567
03-234-5678
--
021 123-4-5678
021 1234-56789
0508 12 3456
05 08 123 456
0508 4ABC DEFG
(02) 123 4567
(02) 4091 234
03 234- 5678
07 2345 678
03-444-1234
0800 4pipeline
(024) 091234
(02)1234567
(09)1234567
(09)9001234
(09)9111234
(09)9991234
(06)1234567
(03)9001234
(04)9111234
(07)9991234
(021)12345
(021)123456789
(027)12345
(027)12345678
(022)123456
(022)12345678
(0508)1234567
(0800)12345678
(0800)12345
(0900)123456
099001234
099111234
099991234
061234567
039001234
049111234
079991234
02112345
021123456789
02712345
02712345678
022123456
02212345678
05081234567
080012345678
080012345
0900123456
02 123-4567
09 123-4567
09 900-1234
09 911-1234
09 999-1234
06 123-4567
03 900-1234
04 911-1234
07 999-1234
021 12345
021 123-456-789
027 12345
027 1234-5678
022 123456
022 1234-5678
0508 123-4567
0800 1234-5678
0800 12345
0900 123-456
02 1234567
09 1234567
02 123 4567
0508SOPHI
0508HAPPYDOGGY
0800SOPHI
0800HAPPYDOGGY
0900SOPH
0900HAPPYDOGGY
0900 123-CATS
0900 HEY-YOU
0900LED-ZEP
(0508) RUB-BISH
021-248-1444
021  248 1444
021 248-1444-
